00000000000000000000000000010110
00000000000000000000000010101001
00000000000000000000000000000010
00000000000000000000000000001101
00000000000000000000000010101001
00000000000000000000000000000001
00000000000000000000000000001100
00000000000000000000000000000110
00000000000000000000000010101001
00000000111111111000000000001001
00000000000000000000000010101001
00000000000000000000000000011110
00000000000000000000000000001101
00000000000000000000000000001101
00000000000000000000000010101001
00000000000000000000000010101001